aed = 3.67315
afn = 81.08503
all = 108.050283
amd = 476.465027
ang = 1.87495
aoa = 343.840979
ars = 42.161026
aud = 1.42461
awg = 1.8
azn = 1.705015
bam = 1.73105
bbd = 2.01905
bdt = 84.490967
bgn = 1.732197
bhd = 0.37695
bif = 1837.7
bmd = 1
bnd = 1.350605
bob = 6.914751
brl = 3.856705
bsd = 0.99995
btc = 8.789006710406623e-05
btn = 68.863202
bwp = 10.615499
byn = 2.04995
byr = 19600
bzd = 2.01555
cad = 1.30974
cdf = 1661.000199
chf = 0.98426
clf = 0.024619
clp = 679.802706
cny = 6.880602
cop = 3210.85
crc = 578.360055
cuc = 1
cup = 26.5
cve = 97.627497
czk = 22.540338
djf = 177.720088
dkk = 6.61015
dop = 50.804997
dzd = 119.125031
egp = 16.6165
ern = 14.999702
etb = 28.853501
eth = 0.0034025178632187823
eur = 0.885596
fjd = 2.137299
fkp = 0.795535
gbp = 0.79498
gel = 2.814985
ggp = 0.795062
ghs = 5.3716
gip = 0.795535
gmd = 49.695022
gnf = 9165.349931
gtq = 7.704502
gyd = 208.819884
hkd = 7.79714
hnl = 24.476502
hrk = 6.549602
htg = 93.89199
huf = 285.640389
idr = 14141
ils = 3.571198
imp = 0.795062
inr = 68.86775
iqd = 1193.15
irr = 42104.999934
isk = 125.509582
jep = 0.795062
jmd = 131.189908
jod = 0.70901
jpy = 107.674977
kes = 102.310141
kgs = 69.472503
khr = 4070.804102
kmf = 435.850217
kpw = 900.061798
krw = 1169.13023
kwd = 0.303898
kyd = 0.833245
kzt = 384.604983
lak = 8719.598384
lbp = 1511.949561
lkr = 176.05978
lrd = 196.825005
lsl = 14.098454
ltl = 2.95274
lvl = 0.60489
lyd = 1.39415
mad = 9.57485
mdl = 17.973498
mga = 3654.749781
mkd = 54.201503
mmk = 1511.398196
mnt = 2660.985506
mop = 8.03015
mro = 356.99991
mur = 35.8985
mvr = 15.490753
mwk = 761.09968
mxn = 19.026503
myr = 4.142502
mzn = 62.219618
nad = 14.096786
ngn = 360.740121
nio = 32.947502
nok = 8.551299
npr = 110.075008
nzd = 1.49475
omr = 0.38501
pab = 0.9998
pen = 3.294902
pgk = 3.386103
php = 51.178011
pkr = 156.050032
pln = 3.75768
pyg = 6202.150255
qar = 3.64125
ron = 4.193398
rsd = 104.249855
rub = 63.598501
rwf = 913.42
sar = 3.75075
sbd = 8.24175
scr = 13.659501
sdg = 45.108
sek = 9.30723
sgd = 1.356165
shp = 1.320897
sll = 8900.000242
sos = 582.496305
srd = 7.457997
std = 21560.79
svc = 8.749202
syp = 514.99995
szl = 14.084986
thb = 30.57198
tjs = 9.44045
tmt = 3.5
tnd = 2.88085
top = 2.279299
try = 5.64093
ttd = 6.77105
twd = 31.093046
tzs = 2300.000264
uah = 26.0145
ugx = 3699.79767
usd = 1
uyu = 35.103503
uzs = 8571.697294
vef = 9.987503
vnd = 23249.25
vuv = 115.460698
wst = 2.618474
xaf = 580.604424
xag = 0.065671
xau = 0.000705
xcd = 2.70255
xdr = 0.72165
xof = 580.589594
xpf = 105.559817
xrp = 2.5037556334501754
yer = 250.300773
zar = 14.11125
zmk = 9001.208699
zmw = 12.844997
zwl = 322.000001
