aed = 3.673028
afn = 78.344498
all = 108.960308
amd = 475.920229
ang = 1.7845
aoa = 362.017502
ars = 56.299838
aud = 1.47425
awg = 1.8
azn = 1.705037
bam = 1.765396
bbd = 2.01905
bdt = 84.544003
bgn = 1.763502
bhd = 0.377035
bif = 1843.25
bmd = 1
bnd = 1.35075
bob = 6.90795
brl = 3.993802
bsd = 0.99965
btc = 9.696161095898911e-05
btn = 68.914102
bwp = 11.040429
byn = 2.049597
byr = 19600
bzd = 2.01505
cad = 1.32845
cdf = 1665.00024
chf = 0.979895
clf = 0.025695
clp = 708.804978
cny = 7.042897
cop = 3441.5
crc = 568.194997
cuc = 1
cup = 26.5
cve = 99.534496
czk = 23.20199
djf = 177.71943
dkk = 6.724041
dop = 51.244993
dzd = 119.960132
egp = 16.581497
ern = 15.000083
etb = 29.227969
eth = 0.005420641803989592
eur = 0.90151
fjd = 2.17765
fkp = 0.822397
gbp = 0.823205
gel = 2.924957
ggp = 0.823115
ghs = 5.424299
gip = 0.822415
gmd = 50.104999
gnf = 9186.350062
gtq = 7.672803
gyd = 208.575003
hkd = 7.84275
hnl = 24.487993
hrk = 6.660302
htg = 95.122502
huf = 292.724963
idr = 14203.85
ils = 3.546198
imp = 0.823115
inr = 71.244503
iqd = 1192.9
irr = 42104.999591
isk = 123.98967
jep = 0.823115
jmd = 134.20261
jod = 0.707102
jpy = 106.301942
kes = 103.400861
kgs = 69.797901
khr = 4079.349594
kmf = 439.650168
kpw = 900.041706
krw = 1207.155014
kwd = 0.304301
kyd = 0.83318
kzt = 386.829778
lak = 8707.449669
lbp = 1511.549973
lkr = 177.169826
lrd = 203.000107
lsl = 15.250404
ltl = 2.952741
lvl = 0.60489
lyd = 1.402982
mad = 9.61885
mdl = 17.548012
mga = 3696.401894
mkd = 55.444951
mmk = 1518.550131
mnt = 2667.77161
mop = 8.07545
mro = 357.000024
mur = 36.099498
mvr = 15.502067
mwk = 729.119944
mxn = 19.566403
myr = 4.175978
mzn = 60.534978
nad = 15.249944
ngn = 363.704253
nio = 33.5145
nok = 8.993525
npr = 113.605021
nzd = 1.55502
omr = 0.385005
pab = 0.99975
pen = 3.38745
pgk = 3.397799
php = 52.375499
pkr = 159.765026
pln = 3.90981
pyg = 6098.549672
qar = 3.64096
ron = 4.263597
rsd = 106.230055
rub = 66.474022
rwf = 912.665
sar = 3.75105
sbd = 8.2214
scr = 13.743969
sdg = 45.106022
sek = 9.665044
sgd = 1.38508
shp = 1.320901
sll = 9299.999982
sos = 580.000154
srd = 7.458016
std = 21560.79
svc = 8.747801
syp = 514.999696
szl = 15.193503
thb = 30.910346
tjs = 9.42895
tmt = 3.5
tnd = 2.846399
top = 2.31325
try = 5.5748
ttd = 6.77705
twd = 31.280151
tzs = 2299.409247
uah = 25.262976
ugx = 3693.902114
usd = 1
uyu = 36.190025
uzs = 9068.896565
vef = 9.987504
vnd = 23212
vuv = 117.54309
wst = 2.663103
xaf = 591.990179
xag = 0.058326
xau = 0.000661
xcd = 2.70255
xdr = 0.728631
xof = 592.090468
xpf = 107.630024
xrp = 3.7721614485099964
yer = 250.349997
zar = 15.220082
zmk = 9001.200203
zmw = 13.08599
zwl = 322.000001
