aed = 3.673199
afn = 78.449865
all = 108.039813
amd = 476.189592
ang = 1.78535
aoa = 354.571979
ars = 45.37205
aud = 1.47775
awg = 1.8
azn = 1.704968
bam = 1.74615
bbd = 2.01945
bdt = 84.484972
bgn = 1.746299
bhd = 0.375979
bif = 1845
bmd = 1
bnd = 1.35075
bob = 6.90225
brl = 3.973504
bsd = 0.9982
btc = 8.581422250598125e-05
btn = 68.9141
bwp = 10.906987
byn = 2.05095
byr = 19600
bzd = 2.01605
cad = 1.325675
cdf = 1664.999812
chf = 0.97753
clf = 0.02596
clp = 716.303335
cny = 7.026398
cop = 3430.85
crc = 572.270366
cuc = 1
cup = 26.5
cve = 98.640496
czk = 22.987011
djf = 177.719889
dkk = 6.665199
dop = 50.965006
dzd = 119.529837
egp = 16.551976
ern = 15.000135
etb = 29.050242
eth = 0.004410921441489127
eur = 0.89293
fjd = 2.17265
fkp = 0.82061
gbp = 0.82352
gel = 2.925044
ggp = 0.823098
ghs = 5.403721
gip = 0.82058
gmd = 49.995002
gnf = 9224.999938
gtq = 7.671297
gyd = 206.989836
hkd = 7.83867
hnl = 24.629783
hrk = 6.592704
htg = 95.119023
huf = 290.261972
idr = 14316.35
ils = 3.484499
imp = 0.823098
inr = 71.0345
iqd = 1191.5
irr = 42104.999874
isk = 121.879766
jep = 0.823098
jmd = 134.750254
jod = 0.708902
jpy = 106.4325
kes = 103.354984
kgs = 69.839302
khr = 4089.999718
kmf = 440.449532
kpw = 900.074448
krw = 1213.596076
kwd = 0.304199
kyd = 0.83352
kzt = 387.409758
lak = 8700.999713
lbp = 1509.749939
lkr = 177.529635
lrd = 202.999662
lsl = 14.830035
ltl = 2.95274
lvl = 0.60489
lyd = 1.400902
mad = 9.560503
mdl = 17.807978
mga = 3649.999933
mkd = 54.906995
mmk = 1510.750287
mnt = 2665.73983
mop = 8.07265
mro = 357.000346
mur = 36.302501
mvr = 15.45012
mwk = 735.205005
mxn = 19.62047
myr = 4.192804
mzn = 61.069854
nad = 14.830173
ngn = 362.490082
nio = 33.480324
nok = 8.90768
npr = 113.145019
nzd = 1.53259
omr = 0.38495
pab = 0.99825
pen = 3.386503
pgk = 3.3978
php = 52.062017
pkr = 160.249887
pln = 3.8541
pyg = 6031.549915
qar = 3.640964
ron = 4.223499
rsd = 105.109883
rub = 65.197993
rwf = 914
sar = 3.75135
sbd = 8.22401
scr = 13.683009
sdg = 45.119498
sek = 9.588185
sgd = 1.381235
shp = 1.320897
sll = 9199.999967
sos = 580.000591
srd = 7.458014
std = 21560.79
svc = 8.75215
syp = 514.999835
szl = 14.830014
thb = 30.715997
tjs = 9.438703
tmt = 3.51
tnd = 2.858498
top = 2.30525
try = 5.508697
ttd = 6.75625
twd = 31.503954
tzs = 2298.263464
uah = 25.570021
ugx = 3693.602654
usd = 1
uyu = 34.769862
uzs = 8715.000561
vef = 9.987498
vnd = 23255
vuv = 117.403162
wst = 2.649695
xaf = 585.64007
xag = 0.060914
xau = 0.000681
xcd = 2.70265
xdr = 0.726825
xof = 585.640037
xpf = 107.224983
xrp = 3.17359568390987
yer = 250.35015
zar = 14.932005
zmk = 9001.199115
zmw = 12.902006
zwl = 322.000001
