aed = 3.67302
afn = 80.098497
all = 107.584976
amd = 478.389793
ang = 1.872601
aoa = 338.983501
ars = 44.683898
aud = 1.439497
awg = 1.8
azn = 1.704988
bam = 1.726406
bbd = 1.98905
bdt = 84.386497
bgn = 1.725697
bhd = 0.377035
bif = 1833.3
bmd = 1
bnd = 1.36325
bob = 6.90115
brl = 3.856201
bsd = 0.99872
btc = 0.00012533747114104726
btn = 69.398544
bwp = 10.844026
byn = 2.066966
byr = 19600
bzd = 2.01315
cad = 1.329095
cdf = 1660.999878
chf = 0.99171
clf = 0.025173
clp = 694.604993
cny = 6.9159
cop = 3255
crc = 590.000338
cuc = 1
cup = 26.5
cve = 97.337014
czk = 22.597966
djf = 177.720107
dkk = 6.58997
dop = 51.355016
dzd = 119.04987
egp = 16.761978
ern = 15.000015
etb = 28.818992
eth = 0.0040252787505534755
eur = 0.882385
fjd = 2.14875
fkp = 0.787295
gbp = 0.78614
gel = 2.720299
ggp = 0.786178
ghs = 5.36815
gip = 0.787295
gmd = 49.792388
gnf = 9123.949951
gtq = 7.69015
gyd = 208.515049
hkd = 7.82235
hnl = 24.4445
hrk = 6.541399
htg = 92.288992
huf = 283.369985
idr = 14245.8
ils = 3.57945
imp = 0.786178
inr = 69.425046
iqd = 1190
irr = 42104.999801
isk = 124.150076
jep = 0.786178
jmd = 130.060166
jod = 0.708974
jpy = 108.490496
kes = 101.20995
kgs = 69.771099
khr = 4070.0002
kmf = 434.450182
kpw = 900.067402
krw = 1182.049566
kwd = 0.30385
kyd = 0.832225
kzt = 383.629959
lak = 8649.999421
lbp = 1510.099405
lkr = 176.255038
lrd = 193.999762
lsl = 14.670042
ltl = 2.95274
lvl = 0.60489
lyd = 1.39815
mad = 9.613496
mdl = 18.101979
mga = 3654.34995
mkd = 54.411972
mmk = 1525.102706
mnt = 2659.156885
mop = 8.06015
mro = 356.999765
mur = 35.460758
mvr = 15.450559
mwk = 758.909907
mxn = 19.106203
myr = 4.164103
mzn = 62.220152
nad = 14.669629
ngn = 359.999796
nio = 32.907992
nok = 8.632296
npr = 110.969858
nzd = 1.5221
omr = 0.384985
pab = 0.998715
pen = 3.329798
pgk = 3.370598
php = 51.960148
pkr = 151.810116
pln = 3.76195
pyg = 6249.64964
qar = 3.641023
ron = 4.1639
rsd = 104.110101
rub = 64.554301
rwf = 908.32
sar = 3.750503
sbd = 8.20785
scr = 13.678967
sdg = 45.049013
sek = 9.450301
sgd = 1.364915
shp = 1.320896
sll = 8880.000187
sos = 585.000118
srd = 7.457937
std = 21050.59961
svc = 8.73885
syp = 515.000304
szl = 14.768502
thb = 31.250159
tjs = 9.41765
tmt = 3.51
tnd = 2.961497
top = 2.28555
try = 5.809345
ttd = 6.765199
twd = 31.424961
tzs = 2297.999476
uah = 26.32801
ugx = 3747.200254
usd = 1
uyu = 35.319904
uzs = 8505.299323
vef = 9.987499
vnd = 23310.1
vuv = 115.65123
wst = 2.647092
xaf = 579.030018
xag = 0.067567
xau = 0.000751
xcd = 2.70255
xdr = 0.72115
xof = 579.039538
xpf = 105.270112
xrp = 2.531
yer = 250.37498
zar = 14.663303
zmk = 9001.206991
zmw = 13.132973
zwl = 322.355011
